 -10.923390641647405 6.3915747529605618
 -11.771080163715862 -1.4937452707462811
 -7.4177927468983071 2.7293152226989275
 -9.6234738968683224 1.0444894642477713
 -11.287705008703956 -3.6434822962833202
 -7.6153055699489416 1.0743093891761113
 -8.9347261601877026 -5.9498671149595381
 -7.3311898510139102 1.1805428717333193
 -10.375973009006701 -3.8527808943740993
 -12.459682349310961 -6.4453438050969707
 -11.504721677214269 -6.971292731020549
 0.7991482350475394 4.4467565240404525
 -11.47080827428811 -7.0617775657249782
 -7.5781900431413414 -3.2684035530440561
 -11.606607437078267 -9.3345404190444956
 -11.986932423542015 -6.7283535301199882
 -10.551798720314856 -5.0585309213984049
 -12.349791279743366 -9.4793627482042808
 -10.458354923411019 -6.5989164184779163
 -9.5250813630568061 -4.9797876821345097
 -10.808405284086609 -7.0771534645161536
 9.6864975168984806 10.282143083454784
 -11.825807371871379 -6.029355852346642
 -10.609000296924215 -5.1678395837138487
 -11.716935159902423 -7.1294315204061478
 7.7579456337585384 11.093804165098014
 -1.1454142674996071 2.5792837254032204
 -3.8686750775787271 -3.4353019453773523
 -0.63889648989001913 3.689144056329841
 12.5 12.5
 -12.17178230215241 -11.138813614286725
 -10.225764288750065 -4.4138614193538768
 -6.3558520269444161 1.3054138073707389
 -11.241128661337557 -8.2784305028012106
 -7.8653623348722927 -3.9050589502640918
 -8.2695576993613216 -5.7504463670012722
 -8.0330371853913292 -6.1659683834245955
 -11.656677010497145 -6.8402714358666605
 -1.1337701806580061 -0.57417333576862717
 -10.569264850577255 -4.879052248235964
 -11.946905875024015 -9.4832766133511264
 -9.7991540570909574 -6.3569090902313654
 -2.7755864253235583 -4.983421985485152
 -11.413024493336671 -7.7276005770155471
 -8.4277717293215559 -3.7287486441252895
 -9.4926234709858477 -9.0269106185025176
 -12.436976379969842 -5.217974332499618
 -11.372706842647633 -8.2835558023982685
 -2.787230512165161 -2.542940691896808
 -11.750848562828581 -9.0533758018764185
 -8.8418645676259473 -3.7114158127606913
 -12.091292551859853 -8.2876560420759144
 -9.0111404800857002 -6.0055930996693725
 -8.7503129348338682 -5.3443362643834549
 -10.599248374194376 -8.6755946279405247
 -10.561259540873657 -11.326213205008257
 -10.684541310309092 -7.6949850341251773
 -11.608062947933465 -5.7114009027982275
 -6.2656103539220194 -6.3094767721422258
 -6.0568900972863453 -4.9566772403150479
 -6.9712420165229592 -5.1847064787514396
 -12.278180145667527 -10.69411466506633
 11.155107969795239 6.7056158373621244
 1.8820483113163053 1.2308639950498907
 7.7783227857313371 5.8902272651028582
 -9.3105390630003306 -5.4495446870212501
 -7.7430994230354973 -4.6490660772261494
 -4.918098404177897 -2.7562463423998338
 -11.812271120918021 -9.0539349254688251
 9.7898387876176791 9.559941776596574
 -5.0636494896978954 -3.7771128348684382
 -9.1412631505405777 -6.2503028586125531
 -11.074618219502682 -8.810622975506659
 -9.2993316294152919 -6.8884492520790079
 -12.5 -12.5
 -10.286167989240864 -9.7253678101365377
 -8.8441933849942664 -6.3820696518896511
 -12.48602709579008 -4.6889502268178047
 -4.8627889916803015 -3.7093656929218692
 -12.382394722899843 -8.0845078035016051
 -11.477794726393071 -9.5550680826161027
 -12.264934996885207 -9.8116312617182988
 -10.565917175610297 -9.3695508746556726
 -5.5982586268128367 -2.9723476108648903
 -10.332744336607263 -5.0223742624227938
 -7.4198304620955851 -6.0493911144078689
 -6.4548267650980149 -3.6669654871643864
 -11.080731365094522 -9.1381296197586828
 -11.78170539295882 -9.8602843329841914
 -12.452695897206002 -7.372743470368313
 -11.509088209779868 -8.2825307424788548
 -8.7015533211846705 -5.998697242029694
 -11.271839940382275 -3.2897434368208973
 -12.094640226826813 -8.1503912001401524
 -7.7455737914893366 -9.8672361029831102
 -0.3215951234564276 -1.563728907062476
 -11.903240549368018 -9.4269169552365657


