 -10.923390641647405 6.3915747529605618
 -11.771080163715862 -1.4937452707462811
 -7.4177927468983071 2.7293152226989275
 -9.6234738968683224 1.0444894642477713
 -11.287705008703956 -3.6434822962833202
 -7.6153055699489416 1.0743093891761113
 -8.9347261601877026 -5.9498671149595381
 -7.3311898510139102 1.1805428717333193
 -10.375973009006701 -3.8527808943740993
 -12.459682349310961 -6.4453438050969707
 -11.504721677214269 -6.971292731020549
 0.7991482350475394 4.4467565240404525
 -11.47080827428811 -7.0617775657249782