 20 -15
 13 14
 -12 11
 -5 -3
 -9 3
 -14 3
 15 -2
 5 -17
 -15 -17
 0 4
 10 5
 17 -6
 -4 -20
 -9 -14
 -18 0
 -16 8
 18 -6
 -8 -15
 -19 10
 -1 -15
 20 -13
 10 6
 -2 -9
 7 11
 -17 13
 -3 -12
 20 -2
 -2 13
 20 -4
 -6 -2
 -19 11
 20 -5
 -12 -9
 8 5
 8 -3
 14 -12
 -2 14
 -18 8
 -10 0
 -12 -4
 -15 19
 4 20
 -3 1
 5 -20
 -15 17
 8 15
 -9 12
 16 -12
 -17 -11
 11 -10
 -12 3
 -15 4
 11 15
 -20 -18
 -6 15
 -18 6
 -3 -11
 20 -4
 8 -5
 -16 -6
 14 12
 -8 -6
 1 10
 -11 4
 -9 -13
 6 14
 -15 20
 14 -17
 -17 -8
 18 15
 0 -19
 -17 17
 -18 -15
 -4 14
 4 5
 20 12
 -13 10
 -11 5
 -5 2
 10 -11
 9 -2
 -13 -10
 15 13
 5 19
 -11 -1
 -11 -4
 -1 -4
 -13 5
 -8 -6
 16 15
 20 6
 -20 -8
 7 18
 13 1
 6 6
 9 4
 -15 -10
 15 3
 -9 -2
 -10 13


